110101111100000,110001101110111,110001101110111,110101111100000,011000101000100,110010001001100,111011111100001,011011111100111,100010001110000,001000001011000,000010000001011,
010111010,011010011,000110000,000110000,011010011,010111010,101100100,100100100,101110111,101110111,100100000,101100100,010111010,011010011,000110000,
011010110,000011100,011011110,000000001,000011011,000001001,000000100,100110101,000011111,111100111,011010111,000011100,000011100,011010111,111110111,000011111,100110101,
10001101100,10001101100,01010011100,11010101100,01011110011,01101101001,10111110110,01010100101,00100010100,01111100100,11000101000,11000101000,01111100100,00110010100,01010100101,10111110110,01101101001,
01011111001111101,00111101001011110,10111111111111110,00101111111011010,00010101111010100,00110010000100110,00100001001000010,10110000000000110,10010100000010100,10111011111101110,01100111001110011,00101011001101010,11100110110110011,11000110110110001,11000110110110001,
00000000011001100,00000000100110010,01111110011111100,00100100110110110,01110110010110100,11100111101111011,11000011010000101,
100011101011010,000100010100101,010101011011011,011011101111110,000111000111100,000010100000000,111010101000010,000101000000000,100001001011010,100101001011010,000101000000000,111010101000010,000010100000000,
01110100101110001,01110000001110010,00001111110000110,11011100111011011,11101100110111010,11101100110111010,11011100111011011,00001111110000110,01110000001110110,01110100101110001,11010111101011010,
0111111,1000011,0000011,0111111,1001111,1100111,0110110,0011101,0110011,0010101,1011100,1001011,1001011,
01100110011011100,10011101110010111,01111110010111000,10111101110100001,00000000100000101,10100101000010101,10100101000010101,
0001100,1011000,1011000,0001100,1000111,0101001,1110100,
000110011000111,001001100100011,001111111100010,010000000010111,111111111111011,001110011100111,110100001011001,110101101011111,000111111000110,110010010011100,110010010011101,111010010111110,111010010111000,001100001100011,001001100100000,110001100011001,110000000011111,
00100100001001001,00000111111000001,10011110011110011,11000101101000110,11000101101000110,10011110011110011,00000111111000001,00100100001001001,10000111111000010,01111010010111101,00000011110000000,10100000000001011,01010100001011100,
00001000010,10011111111,11110100101,10011100111,10011100111,01000100100,11110011001,11111100111,00001111110,
00110110110,00110110110,11111111000,01010011111,00010101001,10011111111,10111110110,11100001111,11000101111,01110100110,01111011001,00101101001,11100011111,
11110000010,00011110110,10101101001,11001101001,01111010110,11111110110,01011100000,00111101001,00111101001,
0001000010000,1111011011111,0001111110000,0111011011100,1101100110111,0110111100100,1110000001111,0001011010000,1011100111011,0000100100000,0011000011000,1011000011011,1000100100011,0110011001100,1000000000011,0001011010000,0010111101000,
0101011000011,0000101011010,1110000111100,1111100100100,1011100100100,1110000111100,0000101011010,0101011000011,1010101011010,1000110000001,0010111100111,0100000100100,1100110111101,1010111000011,0110110000001,0110101000010,1100111000011,
111101100110101,111101100110101,010101001101000,010001111111010,010100110001001,010111110001101,011011111101100,000001101001110,001110100111100,111110101010011,111110101010001,001110100111100,000001101001110,
11010001011010111,10101001101010111,10101001101010111,11010001011010111,01000100110011100,00101000010111101,10010011010101111,10100011000011110,10000110111011100,10001100100111111,11100000110110001,11100000110110001,00001100100111111,
111100011001111,100100001001111,000000100111001,100100010111111,100100010111111,000000100111001,100100001001111,111100011101111,011011010100110,100101001100001,011001110010111,011010011010011,111110010100110,111111010010000,100101111110101,
010110000010100,110011110010111,110011110010111,010110000010100,011111111110000,010111110111011,110010010010000,100100100001111,101010100000100,100001011001011,010110010010100,010111011010011,000010000110011,000000001101000,011011110101100,111101111000011,111101010000010,
111111011,010010100,010010100,111111011,001100101,111111001,011110000,101101000,110011011,010010000,101111001,111111001,011110010,
101111110,101111010,101111010,101111110,011001001,010101110,111000010,
0110010111010,0001110101100,1001000111110,1001000111110,0001110101100,0110010111010,1011111011101,1010110011110,1000011111000,0101011000110,1010000001001,0110111001110,0000100110100,1011111100100,0000100010011,0000100010011,1011111100000,
00000101111,10000001110,01111010010,10111001001,10111001001,01111010010,10000001100,00000101111,00000101111,10000001100,01111010010,
00001010011,10010111000,11111011111,00001101010,00000000110,01100010110,01101100111,10010100110,01101101111,01100100000,01001100011,10010111000,00000100111,01100001000,00001111111,00001111111,01100001000,
10111000100000110,11011011100010011,11100111001111101,11100111001011101,11011011100010011,10111000100000110,11001100100001000,00100000010110010,00100000010110010,11001100100001000,10111000100000110,11011011100010011,11100111001011101,11100111001111101,11011011100010011,10111000100000110,11000011001111000,
011010101111010,000010001001000,111100101111010,111101000110001,111111010110101,111111111001111,100111001111000,100101011001101,100111100000011,000001100000011,000001111111111,
00011101111110111,10011100011000111,10100111000011100,11110011111111000,11010100011000101,01010000011000001,00111111111111111,11101110111101110,11010111111111101,10000000100100000,00110100111100101,11100101100110100,11110111100111101,11110111100111101,11100101100110100,
000101011,100111001,110011110,000001111,000001111,110011110,100111001,000101010,010011001,101010111,011110101,011110101,101010111,010011001,000101010,
1100000,1100000,1100110,1100000,0011001,0101000,0110110,1000000,1001111,1110000,0010000,0001111,1000110,1101111,0000110,
1000100,1000100,0000010,1110111,0101001,0101000,1110111,0000010,1000100,
110010100110101,101011100110100,110000010011100,001010001010011,111010000011000,101100000010100,010011010001111,010011010001111,101100000010100,111010000011000,001010001010011,110000010011100,101011100110100,
10010100101,00001000010,11100100100,10011011011,11110100101,01101011010,11110100101,
11011101001,11111011111,11111011111,11010101001,10100100000,10111101111,01000100000,10010110110,10010010000,00111011111,11100100000,
110000100,111011000,010011000,001101011,001101000,001101000,011101011,010011000,111011000,110000100,011000100,111010100,011110111,111001111,001011100,
100100011,000001100,100111000,111111000,111100000,000000101,000001100,
11000011111101110,01100110111100000,01100110111100000,11000011111101110,00100100111101100,00000000001110011,11100111010001000,00000000001011100,10100101000011000,00011000101000010,10011001100110111,00011010101011000,10011001101101110,
0101001,0101001,1000010,1001011,1101001,0010001,1010101,1000011,1100101,1100101,1010011,
000010111,100111111,100111111,000010111,100100000,100101111,011001010,011011010,100111110,011010110,100111111,011011010,011001011,111111101,111011101,000011100,111101000,
011000000,101100011,000010100,011001101,111100111,011000000,000001010,111101100,011001101,011001101,111101100,000001010,011000000,
010110001,110111000,110011000,010110001,001001111,100011011,101011001,101001110,111100010,111010110,110001111,111010001,010100001,010100001,111010001,110001111,111010110,
111100111001100,011000011011110,011000011001100,000010010010010,100110111011110,100100000000000,011010001001100,000000010000000,111111011100001,000000100101101,100100101000000,000010011010010,011011111101101,011101011101101,011001111011110,
111101100110000,000001011000000,000001010000011,000000001111010,111111000100001,000000100100111,011010100110101,
111011111101111,110111001110111,101101001011011,010011111100100,000010110100100,111100110011111,010100110010100,000000110000000,001110110111000,110100110010111,011110110111100,101001111001011,010001001000100,000111111110000,100011111100011,001000000001000,101010000101011,
0000100101000,1001010101011,0101010111000,0101010101000,1001010101011,0000100101000,1101011010111,1001001001011,1011110010011,1010101110000,0011101010000,
10110011001,10110110000,11001111001,00000001001,01111010110,11001111111,00110010000,10110111111,10000100000,10000101111,11111111001,00000011111,00000000110,10110101111,01001011001,00000010110,00000011111,
01100001011010000,10011010000001011,11110111111111101,10011110111101111,00001011111111010,01100001011010000,10010101000010101,10011101011010111,01101110111101110,00001110000001110,01100111000011100,00001000000000010,11110101011010101,10010001011010001,00001000100101010,00001110000001110,01100011011011000,
10011111111,11111110000,01100110001,10010001001,10011000000,10010001111,10011110000,
101111110,100011000,000011000,011011011,100000000,100111000,010111101,110100101,101000010,101000010,011000011,011000011,101000010,
1111100,1111000,0011000,0001000,0001000,0111000,0111111,0000111,0110000,1001000,1011100,0101000,0110011,
010010111,101101111,100001011,100001111,110111100,111111011,001100000,
00111111111,00110111001,11010010000,11001110110,01000001111,00001000000,11011111001,11110100000,11110010000,11000000110,11010100110,11010010110,00001010110,11111110110,11110001111,
0110100000110,0000110101001,1001001101000,1001011000100,0000101010111,1111111010011,0110011111101,1001110110001,1001110110001,0110011111101,1111111010011,0000101010101,1001011000100,
0000100001011,1000010100110,0101100101110,0101001111001,0101001111001,0101100001110,1000010100110,0000100001011,0111011101011,0000101111001,0000101111001,
1111010000000,1010111011110,0100110111100,0000010100001,0101000110001,0101000110001,0000010100001,0100110111100,1010111011110,1111010000000,0010000010100,1010010110001,1000100000010,1101001111011,0101001111011,
000010101000000,100110000001100,011001111101101,011001110001100,111100010000000,111111110010010,111110100001100,000000010110011,111100001001000,111100011000000,011001100101101,100100111011110,011000011101101,100100011001100,011010100100001,
111111001010111,000110010000110,010001000110010,100001011001001,100001011001001,010001000110010,000110010000110,111111011010111,111110101110001,011110100001011,111101001101001,111111101010101,111111101010101,
110011111110000,101111110000000,111110001100011,001010101001000,110010010011000,000100000110100,111010101001000,000100100011011,111101110111000,
1011100,1011101,1100110,0000001,0011000,1000010,1000010,
10101101010101101,00011011011001100,00011011011001100,10101101010101101,11101110001101101,01001100011111111,11101110000000000,01011101100011010,01011011010010010,00001110011101101,00110100010011110,01101111010100001,11001011011000000,
1111110111111,1110001111111,1110001111111,1110110111111,1110010110110,0101101100000,0010011110000,0000111000000,0010011111111,1110111101001,0101011010000,
01000111111,01010111111,10001001100,10011011110,11111000000,10100111111,10000011110,00011010010,10110110011,01110001100,11101101101,00111011110,10111110011,
010111111010001,010111111010001,101101001101110,001100001100100,101000000101111,111011110111101,000101101000000,
0110000000011,1101011110101,1101010010101,1101110011101,1101110011101,1101010010101,1101011110101,0110000000011,1100001100001,0110111111011,1111110011111,0111000000111,0000101101000,1111100001111,1001101101100,0011000001110,1010010010010,
01001000010,01100011000,01100011000,11001000010,00011000011,01100000000,11111000011,11111011011,11110111101,00111100111,01111100111,01000000000,01010000001,
0011111,1001100,1110100,0011011,1101111,0001000,0010100,1100101,1001100,0111100,0111100,
00010101100101111,11101011111110110,01101110011000010,11000011100011101,01010110011000011,11001000101010001,11001000101010001,01010110011000011,11000011100011101,01101110011000010,11101011111110010,00010101100101111,00010101100101111,
111111011010100,001100000101001,111111010011101,011110110100010,010010000000011,001100000101000,010010101101001,011110000101110,111111000011111,010010011111101,110011011111110,110011011111110,010010011111101,111111000011111,011110000101110,010010101101001,001100000101010,
11110011110010111,10111111011100100,11010010010001111,01100001100111011,01000000100111111,01100001101111011,10001100011101111,11010010110100011,00100001000000000,10000000010001011,01110011100101100,10011110010111000,11100001110110100,00111111000011000,11010010111110000,
11100100000,11111011111,11100111000,00000110110,00110001111,00000011111,11001000100,11110000011,11000001100,11100101000,00001110000,11001111000,00110101011,11110101000,00101001100,
1011010110101,0000000110000,1111110110111,1111110110110,0111100000011,0100101111010,0000001111000,
10010001100,11010011110,01101001100,01100010010,00001011110,01101101101,11111101101,01100001100,01101101101,
00111100010010001,10011001001100100,11111111100001111,00011000000000000,10000101100001101,01000010001100010,10100101000000101,
01000010010,01111110011,01011000000,00100100001,10000001100,11011011110,10011001100,
00111110010010011,00011011110011110,11000100011110001,00001110000000011,11011110110011011,11001111000000111,11100100101101001,00011111100001111,11000101010010101,00011110011110001,00001010001100010,11101110100001011,00100100001100001,00111101001100101,11001000000000000,
1111010,1100101,1110010,0011011,0010100,0011010,1101010,0000010,1100110,1100110,0000010,1101010,0011010,0010000,0011011,
111010001010110,110000111011111,000011111111111,111000000001111,110101001111111,111101010100000,111011111101001,001100000100000,001011010001001,000111011100110,010000001111111,
1011110,1111001,1111100,0000110,1001110,1111001,1111001,
0110100101101,0110011001100,0000100100000,1111000011110,1001111110010,1111000011110,0110000001100,0110100101100,1001000010011,1001111110010,0000000000001,0001000010000,0110100101100,1001000010011,1001100110010,
000111110110110,110000101001010,111101100110011,110100100110010,110011110000111,001111000000001,000101000110001,110001101111011,001010111111110,110001001111001,111101000000001,
00111000010,00000111110,10101110010,11110000111,11110111011,10001000010,01001100001,01001100001,10001000010,11110111011,11110000111,10101110010,00000111110,00110000010,01100001101,11111100111,11111100111,
11000100000010001,10001100000011000,11100011001100011,10100111111110010,10100111111110010,11100011001100011,10001100000011000,11000100000010001,11111001111001111,11110011001100111,11001100000011001,01010000110000101,10101011111101110,10100010000100010,00100011001100010,00101001111001010,00010001001000100,
10101101011,10001100011,11111111100,01011110100,00111111000,10101101011,10010010011,00001100000,01011110100,
101010011001010,011001011010011,011001011010011,101010011001010,010100111110101,110100000000101,010111000011101,100100000000100,000100100100100,
100100111101011,010000101110001,110011011111100,011001111001011,110001110100001,110001110100001,011001111001011,110011011111100,010000101110001,100100111101011,111000001001010,111000001001010,100100101101011,010000101110001,110011011111100,
1111110110111,0000101111010,0011010110101,1101101111011,0011110000111,1111000000001,0011000000001,0000101001010,1101110110111,0010001111000,0011010000101,0000101011010,1110010110100,
100101010110101,100101010110101,111100100111110,000101101101100,011000011111011,000001111010011,111110010100000,
10000101000,11111110001,11111100001,10000101000,11111110011,00000000100,01111000010,
11010010111,00001100000,00011110000,00101101000,01011100100,10101101011,01101101100,01110011100,01100001100,11110011111,11101101111,01011110100,01010010100,10011110011,11101101111,01101101100,10100001011,
11001100111,00010010000,00010010000,01110011100,01000000100,01000000100,11001100111,00101101000,01100001100,01110011000,01111111100,
110011110,111110011,111110011,110011110,010001100,110111111,101101100,100111001,110001010,011011101,110101101,111101101,101101101,
110111001110100,001110101111001,101101100010110,001001001000100,001110101100100,001110101100110,001001001000100,101101100010110,001110101111001,110111001110100,001000001110111,111010000000111,000100100101010,100100111010101,100100111010101,
01000000101101000,10011001011110100,10111101101101101,10100101100001101,11100111011110111,01100110100001011,10100101001100101,10011001010010100,00000000111111000,
0000111,1001001,1001001,0000111,0111101,1011000,1111011,0111110,0111110,1111011,1011000,0111101,1000111,
010111011,010111011,010101101,110010111,011001101,010110100,101110101,101110101,010110100,011001111,110010111,
1001100100110,1011110110110,0101101010000,0101101001111,1110010100000,0010010011001,0101101001001,
11101000010,10011111111,00011011011,01001000010,01110011001,01010100101,01010100101,01110011001,01001000010,00011011011,10011111111,10101000010,11010000001,10000011000,11011000011,
1100011,1100011,1101100,0110110,0111011,1111100,0001111,1010111,0111000,1000111,1011011,